0.510718	3.652594
1.589941	4.242943
2.356416	3.600787
5.30898	3.686681
4.365623	3.712276
2.438162	3.794422
5.685835	3.305704
5.780308	3.33421
6.31202	3.412108
6.446839	3.413623
5.887605	3.535425
5.970922	3.810919
5.733429	3.649983
3.867198	4.365258
1.358623	4.864812
-0.50014	5.909797
-0.2637	7.028387
1.619928	6.999011
1.271329	7.864548
-2.06874	8.670594
-1.93456	8.220894
3.072356	6.33759
6.019379	5.9901
5.084557	6.04903
4.938045	6.432693
5.285073	6.200342
5.668487	6.045111
5.020306	5.527672
6.098078	5.462084
6.007085	5.921439
5.176403	6.84077
4.303231	5.964313
4.02731	5.767052
3.913924	6.555683
1.815943	8.542694
1.984998	7.34561
1.390667	7.786195
-0.60014	8.456265
-2.60415	9.175677
-2.23133	7.716826
-1.93137	8.803033
-3.75073	9.059841
-1.15077	8.608311
1.062176	9.941622
0.742663	9.414057
1.902206	8.678554
2.157513	7.576854
-0.80645	8.108379
2.560184	6.3606
3.050169	4.910456
2.474443	6.201738
3.249963	5.087424
2.44741	4.723803
5.099285	4.389749
4.518375	4.647945
4.228931	5.136665
4.191976	4.558013
3.75532	4.868712
4.292192	4.473261
2.186281	4.202382
4.784697	3.498365
4.089473	3.754697
3.357842	3.809234
2.616703	3.69383
2.940535	3.010619
3.469736	2.511196
2.966613	2.420798
2.179406	3.016457
2.522716	3.296471
3.047567	4.04766
3.174546	4.942372
1.930598	3.282313
1.120932	3.554876
2.324659	3.664373
2.817615	4.107917
3.64138	4.447059
2.017357	4.649616
1.87508	4.573074
1.785529	3.825898
1.518823	3.956883
1.987782	3.934237
2.298219	4.137032
0.744804	4.276213
-0.98803	4.647446
0.065919	3.693233
2.056214	3.374395
2.803141	3.282853
2.239996	3.178302
2.342508	2.851695
3.16445	3.022014
2.445922	2.720497
2.560805	2.822772
3.040983	2.67426
3.402847	2.839722
2.970845	3.003549
2.839509	2.887333
3.080855	2.570745
3.258147	2.673457
2.726539	2.94084
2.956164	3.12884
2.755666	2.705896
2.279174	2.885383
3.001722	2.602074
2.696928	2.355904
2.176731	2.263412
2.233976	2.486377
2.407226	2.538104
2.381212	2.517964
2.353838	2.475214
2.578131	2.396207
2.782171	2.282916
2.431455	2.233348
2.19398	1.985226
2.439435	1.599692
3.017629	1.756133
1.838242	1.736404
2.518093	1.376902
2.776269	1.501558
3.239186	1.704289
2.147828	1.76985
3.198898	1.831512
3.656001	2.135698
3.394726	2.316912
3.175735	2.414925
1.967365	2.185234
2.063458	2.119152
2.537568	2.059522
0.20399	1.795219
2.547989	1.722913
3.156974	1.81635
2.790229	1.674087
2.551893	1.930094
2.670331	1.761379
3.27852	1.612801
3.694187	1.545307
4.024643	1.807253
4.275478	1.419676
4.171021	1.750551
3.90937	2.133299
3.54039	2.106505
3.6732	2.122324
3.424817	2.195813
3.452755	2.306252
3.483985	2.540607
3.401521	2.276586
3.068073	2.369646
2.785337	2.625717
2.665686	2.675823
2.643548	2.167582
2.493623	2.204362
2.603311	2.125922
1.997802	2.460552
1.278443	2.171611
2.170042	2.330845
0.672656	2.49772
-1.1194	2.09748
-1.52208	0.734189
0.559718	1.621843
2.306835	1.420708
2.587274	1.328305
2.887439	1.145464
3.103433	1.449974
2.741851	1.233366
2.460938	1.560985
3.472863	1.291959
3.360436	1.795728
2.384233	1.659023
2.336907	1.898557
2.40771	1.685877
2.550939	1.879511
2.307426	1.808922
1.642392	1.807702
2.255416	1.942911
2.364762	1.872383
2.573811	1.646531